0 0.4 0.6583333333333333 0.09166666666666666 0.24583333333333332
0 0.8625 0.6958333333333333 0.12083333333333333 0.5333333333333333
0 0.08958333333333333 0.64375 0.07083333333333333 0.2
0 0.025 0.64375 0.05 0.18333333333333332
0 0.4791666666666667 0.6791666666666667 0.041666666666666664 0.125
0 0.14791666666666667 0.6395833333333333 0.041666666666666664 0.17916666666666667
0 0.35625 0.6583333333333333 0.041666666666666664 0.17916666666666667
0 0.6208333333333333 0.675 0.03333333333333333 0.1375
0 0.5625 0.6833333333333333 0.03333333333333333 0.10833333333333334
0 0.7395833333333334 0.6729166666666667 0.175 0.55
