0 0.14791666666666667 0.5041666666666667 0.075 0.24166666666666667
0 0.41458333333333336 0.49583333333333335 0.14583333333333334 0.38333333333333336
0 0.9020833333333333 0.6416666666666667 0.19583333333333333 0.7125
0 0.8 0.5375 0.15833333333333333 0.5166666666666667
0 0.5291666666666667 0.5416666666666666 0.07916666666666666 0.2875
0 0.6458333333333334 0.5354166666666667 0.08333333333333333 0.2375
0 0.25625 0.5291666666666667 0.0625 0.19166666666666668
0 0.5916666666666667 0.5354166666666667 0.05416666666666667 0.22083333333333333
0 0.1 0.5229166666666667 0.05416666666666667 0.1625
0 0.2 0.53125 0.058333333333333334 0.14583333333333334
0 0.3375 0.5020833333333333 0.09583333333333334 0.3541666666666667