0 0.10833333333333334 0.5958333333333333 0.09583333333333334 0.29583333333333334
0 0.7375 0.6354166666666666 0.20833333333333334 0.55
0 0.18125 0.6041666666666666 0.09166666666666666 0.2875
0 0.8666666666666667 0.6729166666666667 0.125 0.48333333333333334
0 0.44166666666666665 0.64375 0.0625 0.20416666666666666
0 0.48125 0.6479166666666667 0.058333333333333334 0.20833333333333334
0 0.24375 0.6416666666666667 0.0625 0.225
0 0.37916666666666665 0.6458333333333334 0.058333333333333334 0.2
0 0.5854166666666667 0.6583333333333333 0.05 0.17916666666666667
0 0.04791666666666667 0.6354166666666666 0.04583333333333333 0.19166666666666668
0 0.5333333333333333 0.6520833333333333 0.05 0.1875
0 0.65625 0.6541666666666667 0.0875 0.3125