0 0.8604166666666667 0.7291666666666666 0.24166666666666667 0.5416666666666666
0 0.71875 0.8375 0.08333333333333333 0.19166666666666668
0 0.12083333333333333 0.9145833333333333 0.075 0.16666666666666666
0 0.9645833333333333 0.7395833333333334 0.07083333333333333 0.5208333333333334
0 0.6708333333333333 0.8583333333333333 0.05416666666666667 0.15833333333333333
0 0.3625 0.8854166666666666 0.0875 0.20833333333333334
0 0.54375 0.8729166666666667 0.04583333333333333 0.1125
0 0.0375 0.8979166666666667 0.075 0.20416666666666666
0 0.20625 0.9020833333333333 0.0375 0.12083333333333333
0 0.2791666666666667 0.86875 0.09166666666666666 0.22083333333333333
0 0.45208333333333334 0.8708333333333333 0.03333333333333333 0.15
0 0.4895833333333333 0.8770833333333333 0.041666666666666664 0.14166666666666666
0 0.5979166666666667 0.8458333333333333 0.05 0.1375