0.0 0.860417 0.729167 0.241667 0.541667
0.0 0.718750 0.837500 0.083333 0.191667
0.0 0.120833 0.914583 0.075000 0.166667
0.0 0.964583 0.739583 0.070833 0.520833
0.0 0.670833 0.858333 0.054167 0.158333
0.0 0.362500 0.885417 0.087500 0.208333
0.0 0.543750 0.872917 0.045833 0.112500
0.0 0.037500 0.897917 0.075000 0.204167
0.0 0.206250 0.902083 0.037500 0.120833
0.0 0.279167 0.868750 0.091667 0.220833
0.0 0.452083 0.870833 0.033333 0.150000
0.0 0.489583 0.877083 0.041667 0.141667
0.0 0.597917 0.845833 0.050000 0.137500
