1.0 0.828769 0.609596 0.189832 0.127904
1.0 0.793961 0.048717 0.165562 0.053789
1.0 0.803088 0.064833 0.184276 0.101202
1.0 0.498282 0.066230 0.175188 0.061904
1.0 0.494967 0.084317 0.163130 0.122348
1.0 0.170180 0.072299 0.179873 0.062058
1.0 0.163793 0.092050 0.186939 0.087249
1.0 0.801284 0.176671 0.194184 0.070327
1.0 0.806033 0.202310 0.209417 0.106706
1.0 0.503915 0.190330 0.177953 0.051075
1.0 0.496146 0.215599 0.162260 0.095800
1.0 0.161425 0.234391 0.195157 0.099998
1.0 0.175366 0.349621 0.186324 0.068509
1.0 0.181292 0.363497 0.212796 0.114617
1.0 0.485778 0.328499 0.211055 0.061520
1.0 0.486546 0.351924 0.213103 0.123987
1.0 0.806046 0.321905 0.220681 0.069636
1.0 0.817592 0.340287 0.209314 0.103583
1.0 0.491795 0.464312 0.194235 0.071889
1.0 0.490796 0.481542 0.192034 0.099896
1.0 0.177875 0.473825 0.211465 0.074014
1.0 0.187988 0.496161 0.187861 0.115359
1.0 0.495994 0.592368 0.179873 0.062058
1.0 0.498298 0.614961 0.212591 0.108370
1.0 0.193416 0.614016 0.211465 0.074014
1.0 0.188488 0.630592 0.194952 0.093752
1.0 0.199484 0.751391 0.200379 0.068970
1.0 0.191509 0.770412 0.212489 0.105247
1.0 0.500859 0.740726 0.186427 0.071632
1.0 0.504622 0.760145 0.209365 0.105144
1.0 0.198269 0.881188 0.219068 0.068023
1.0 0.188860 0.904165 0.220502 0.111749
1.0 0.506850 0.875759 0.169146 0.067946
1.0 0.512674 0.886511 0.201455 0.101765
1.0 0.836950 0.882912 0.192392 0.110828
