0 0.9354166666666667 0.5395833333333333 0.125 0.35833333333333334
0 0.35833333333333334 0.54375 0.175 0.44166666666666665
0 0.7875 0.5666666666666667 0.1125 0.4
0 0.125 0.5479166666666667 0.05416666666666667 0.1875
0 0.075 0.5458333333333333 0.041666666666666664 0.17916666666666667
0 0.18125 0.5416666666666666 0.05416666666666667 0.17916666666666667
0 0.2604166666666667 0.5416666666666666 0.058333333333333334 0.17916666666666667
0 0.48333333333333334 0.5583333333333333 0.0625 0.22916666666666666
0 0.5604166666666667 0.55625 0.07083333333333333 0.22083333333333333
0 0.6354166666666666 0.55625 0.04583333333333333 0.17083333333333334
0 0.6958333333333333 0.55625 0.05 0.15
