0 0.29791666666666666 0.5479166666666667 0.06666666666666667 0.19583333333333333
0 0.5791666666666667 0.5645833333333333 0.06666666666666667 0.20416666666666666
0 0.4625 0.55 0.058333333333333334 0.1875
0 0.035416666666666666 0.50625 0.07083333333333333 0.45416666666666666
0 0.675 0.55625 0.09166666666666666 0.32916666666666666
0 0.9541666666666667 0.5916666666666667 0.09166666666666666 0.43333333333333335
0 0.8729166666666667 0.5708333333333333 0.1125 0.4166666666666667
0 0.775 0.5583333333333333 0.14583333333333334 0.45416666666666666
0 0.3541666666666667 0.55625 0.05 0.2
0 0.40208333333333335 0.55 0.041666666666666664 0.1875
